m=30
n=10
b=10.000000
alpha=5.000000
Re=1000000
